19990518
19990630
19990824
19991005
19991116
19991221
20000202
20000321
20000516
20000628
20000822
20001003
20001115
20001219
20010131
20010320
20010515
20010627
20010821
20011002
20011106
20011211
20020130
20020319
20020507
20020626
20020813
20020924
20021106
20021210
20030129
20030318
20030506
20030625
20030812
20030916
20031028
20031209
20040128
20040316
20040504
20040630
20040810
20040921
20041110
20041214
20050202
20050322
20050503
20050630
20050809
20050920
20051101
20051213
20060131
20060328
20060510
20060629
20060808
20060920
20061025
20061212
20070131
20070321
20070509
20070618
20070807
20070918
20071031
20071211
20080130
20080318
20080430
20080625
20080805
20080916
20081029
20081216
20090128
20090318
20090429
20090624
20090812
20090923
20091104
20091216
20100127
20100316
20100428
20100623
20100810
20100921
20101103
20101214
20110126
20110315
20110427
20110622
20110809
20110921
20111102
20111213
20120125
20120313
20120425
20120620
20120801
20120913
20121024
20121212
20130130
20130320
20130501
20130619
20130731
20130918
20131030
20131218
20140129
20140319
20140430
20140618
20140730
20140917
20141029
20141217
20150128
20150318
20150429
20150617
20150729
20150917
20151028
20151216
